0 10 100 5
0 0 30 1 1 1 +
1 0 40 1 1 2 -
2 0 50 1 1 3 +
3 0 20 1 1 4 +
4 0 50 1 1 5 -
5 0 30 1 1 4 +
6 0 40 1 1 3 +
7 0 20 1 1 2 +
8 0 30 1 1 1 *
9 0 30 1 1 0 +
1 20 150 5
0 0 30 1 1 1 +
1 0 40 2 1 2 -
2 0 50 3 1 3 +
3 0 20 1 2 4 +
4 0 20 4 1 5 *
5 0 10 1 1 4 +
6 0 40 2 1 3 +
7 0 20 1 1 2 *
8 0 30 0 1 1 +
9 0 30 1 1 0 +
10 0 30 1 1 1 +
11 0 40 1 1 2 -
12 0 50 1 1 3 +
13 0 20 1 1 4 +
14 0 50 1 1 5 -
15 0 30 1 1 4 +
16 0 40 1 1 3 +
17 0 20 1 1 2 +
18 0 30 1 1 1 *
19 0 30 1 1 0 +
2 5 210 5
0 0 30 1 1 1 +
1 0 40 2 1 2 -
2 0 50 3 1 3 -
3 0 20 1 2 4 +
4 0 50 4 1 5 *
3 10 420 5
0 0 50 1 1 5 -
1 0 30 1 1 4 +
2 0 40 1 1 3 +
3 0 20 1 1 2 +
4 0 20 4 1 5 *
5 0 10 1 1 4 +
6 0 40 2 1 3 +
7 0 20 1 1 2 *
8 0 30 0 1 1 +
9 0 30 1 1 0 +
4 3 750 5
0 0 40 1 1 3 +
1 0 20 1 1 2 +
2 0 30 1 1 1 *