0 9 0 5
0 1 30 1 100 1 +
1 1 30 1 100 1 +
2 1 30 1 100 1 +
3 1 30 1 100 1 +
4 3 30 0 0
5 1 30 1 200 2 +
6 1 30 1 300 3 +
7 1 30 1 400 4 +
8 1 30 1 500 5 +
1 6 100 5
0 1 30 1 200 2 +
1 1 30 1 300 3 +
2 1 30 1 400 4 +
3 3 30 1 0
4 0 20 1 1 2 +
5 0 20 1 2 3 +
2 10 300 5
0 1 30 1 200 2 +
1 1 30 1 300 3 +
2 3 30 0 2
3 1 60 1 200 4 -
4 1 60 1 200 4 -
5 1 60 1 200 4 -
6 1 60 1 200 4 -
7 3 30 1 2
8 1 30 1 300 3 +
9 1 30 1 200 4 +
3 10 300 5
0 1 30 1 200 2 +
1 1 30 1 300 3 +
2 3 30 0 2
3 1 60 1 200 4 -
4 1 60 1 200 4 -
5 1 60 1 200 4 -
6 1 60 1 200 4 -
7 3 30 1 2
8 1 30 1 300 3 +
9 1 30 1 200 4 +